 0.0011875            0
   0.00125   2.7318e-31
 0.0012521   2.9152e-31
 0.0012551   3.1978e-31
 0.0012581   3.5066e-31
 0.0012611   3.8439e-31
 0.0012641   4.2123e-31
 0.0012671   4.6145e-31
 0.0012701   5.0535e-31
 0.0012731   5.5324e-31
 0.0012761   6.0547e-31
 0.0012791   6.6243e-31
 0.0012821   7.2451e-31
 0.0012851   7.9216e-31
 0.0012881   8.6585e-31
 0.0012911    9.461e-31
 0.0012941   1.0335e-30
 0.0012971   1.1286e-30
 0.0013001    1.232e-30
 0.0013031   1.3445e-30
 0.0013061   1.4669e-30
 0.0013091   1.5999e-30
 0.0013121   1.7445e-30
 0.0013151   1.9015e-30
 0.0013181   2.0721e-30
 0.0013211   2.2573e-30
 0.0013241   2.4583e-30
 0.0013271   2.6765e-30
 0.0013301   2.9131e-30
 0.0013331   3.1698e-30
 0.0013361   3.4481e-30
 0.0013391   3.7498e-30
 0.0013421   4.0766e-30
 0.0013451   4.4308e-30
 0.0013481   4.8144e-30
 0.0013511   5.2297e-30
 0.0013541   5.6792e-30
 0.0013571   6.1657e-30
 0.0013601    6.692e-30
 0.0013631   7.2613e-30
 0.0013661   7.8769e-30
 0.0013691   8.5423e-30
 0.0013721   9.2615e-30
 0.0013751   1.0039e-29
 0.0013781   1.0878e-29
 0.0013811   1.1784e-29
 0.0013841   1.2763e-29
 0.0013871   1.3819e-29
 0.0013901   1.4959e-29
 0.0013931   1.6188e-29
 0.0013961   1.7515e-29
 0.0013991   1.8945e-29
 0.0014021   2.0486e-29
 0.0014051   2.2147e-29
 0.0014081   2.3937e-29
 0.0014111   2.5866e-29
 0.0014141   2.7942e-29
 0.0014171   3.0178e-29
 0.0014201   3.2585e-29
 0.0014231   3.5175e-29
 0.0014261   3.7961e-29
 0.0014291   4.0959e-29
 0.0014321   4.4182e-29
 0.0014351   4.7648e-29
 0.0014381   5.1373e-29
 0.0014411   5.5376e-29
 0.0014441   5.9678e-29
 0.0014471   6.4298e-29
 0.0014501    6.926e-29
 0.0014531   7.4587e-29
 0.0014561   8.0306e-29
 0.0014591   8.6443e-29
 0.0014621   9.3028e-29
 0.0014651   1.0009e-28
 0.0014681   1.0767e-28
 0.0014711   1.1579e-28
 0.0014741    1.245e-28
 0.0014771   1.3383e-28
 0.0014801   1.4383e-28
 0.0014831   1.5455e-28
 0.0014861   1.6602e-28
 0.0014891   1.7831e-28
 0.0014921   1.9147e-28
 0.0014951   2.0555e-28
 0.0014981   2.2062e-28
 0.0015011   2.3674e-28
 0.0015041   2.5399e-28
 0.0015071   2.7244e-28
 0.0015101   2.9217e-28
 0.0015131   3.1326e-28
 0.0015161    3.358e-28
 0.0015191   3.5989e-28
 0.0015221   3.8563e-28
 0.0015251   4.1312e-28
 0.0015281   4.4248e-28
 0.0015321   4.8475e-28
 0.0015361   5.3087e-28
 0.0015401   5.8116e-28
 0.0015441   6.3599e-28
 0.0015481   6.9575e-28
 0.0015521   7.6086e-28
 0.0015561   8.3177e-28
 0.0015601   9.0898e-28
 0.0015641   9.9301e-28
 0.0015681   1.0844e-27
 0.0015721   1.1839e-27
 0.0015761    1.292e-27
 0.0015801   1.4095e-27
 0.0015841   1.5372e-27
 0.0015881    1.676e-27
 0.0015921   1.8266e-27
 0.0015961   1.9901e-27
 0.0016001   2.1676e-27
 0.0016041   2.3601e-27
 0.0016081   2.5689e-27
 0.0016121   2.7953e-27
 0.0016161   3.0407e-27
 0.0016201   3.3066e-27
 0.0016241   3.5946e-27
 0.0016281   3.9065e-27
 0.0016321   4.2441e-27
 0.0016361   4.6094e-27
 0.0016401   5.0047e-27
 0.0016441   5.4323e-27
 0.0016481   5.8946e-27
 0.0016521   6.3943e-27
 0.0016561   6.9344e-27
 0.0016601   7.5178e-27
 0.0016641   8.1479e-27
 0.0016681   8.8282e-27
 0.0016721   9.5626e-27
 0.0016761   1.0355e-26
 0.0016801    1.121e-26
 0.0016841   1.2132e-26
 0.0016881   1.3126e-26
 0.0016921   1.4198e-26
 0.0016961   1.5352e-26
 0.0017001   1.6596e-26
 0.0017041   1.7936e-26
 0.0017081   1.9379e-26
 0.0017121   2.0932e-26
 0.0017161   2.2603e-26
 0.0017201   2.4401e-26
 0.0017241   2.6335e-26
 0.0017281   2.8415e-26
 0.0017321   3.0651e-26
 0.0017361   3.3054e-26
 0.0017401   3.5636e-26
 0.0017441    3.841e-26
 0.0017481   4.1389e-26
 0.0017531   4.5423e-26
 0.0017581    4.983e-26
 0.0017631   5.4643e-26
 0.0017681   5.9897e-26
 0.0017731   6.5631e-26
 0.0017781   7.1886e-26
 0.0017831   7.8706e-26
 0.0017881    8.614e-26
 0.0017931    9.424e-26
 0.0017981   1.0306e-25
 0.0018031   1.1267e-25
 0.0018081   1.2313e-25
 0.0018131    1.345e-25
 0.0018181   1.4688e-25
 0.0018231   1.6033e-25
 0.0018281   1.7495e-25
 0.0018331   1.9084e-25
 0.0018381   2.0809e-25
 0.0018431   2.2682e-25
 0.0018481   2.4716e-25
 0.0018531   2.6922e-25
 0.0018581   2.9314e-25
 0.0018631   3.1909e-25
 0.0018681   3.4721e-25
 0.0018731   3.7768e-25
 0.0018781   4.1068e-25
 0.0018831   4.4641e-25
 0.0018881    4.851e-25
 0.0018931   5.2696e-25
 0.0018981   5.7224e-25
 0.0019031   6.2121e-25
 0.0019081   6.7415e-25
 0.0019131   7.3136e-25
 0.0019181   7.9317e-25
 0.0019231   8.5994e-25
 0.0019281   9.3202e-25
 0.0019331   1.0098e-24
 0.0019381   1.0938e-24
 0.0019431   1.1844e-24
 0.0019481   1.2821e-24
 0.0019531   1.3874e-24
 0.0019581   1.5009e-24
 0.0019631   1.6231e-24
 0.0019681   1.7549e-24
 0.0019731   1.8967e-24
 0.0019781   2.0494e-24
 0.0019831   2.2138e-24
 0.0019881   2.3906e-24
 0.0019931   2.5807e-24
 0.0019991   2.8279e-24
 0.0020051   3.0975e-24
 0.0020111   3.3914e-24
 0.0020171   3.7117e-24
 0.0020231   4.0606e-24
 0.0020291   4.4404e-24
 0.0020351   4.8539e-24
 0.0020411   5.3037e-24
 0.0020471    5.793e-24
 0.0020531   6.3249e-24
 0.0020591   6.9029e-24
 0.0020651   7.5309e-24
 0.0020711   8.2129e-24
 0.0020771   8.9532e-24
 0.0020831   9.7566e-24
 0.0020891   1.0628e-23
 0.0020951   1.1573e-23
 0.0021011   1.2598e-23
 0.0021071   1.3708e-23
 0.0021131    1.491e-23
 0.0021191   1.6212e-23
 0.0021251   1.7622e-23
 0.0021311   1.9147e-23
 0.0021371   2.0797e-23
 0.0021431   2.2581e-23
 0.0021491   2.4509e-23
 0.0021551   2.6593e-23
 0.0021611   2.8844e-23
 0.0021671   3.1276e-23
 0.0021731     3.39e-23
 0.0021791   3.6733e-23
 0.0021851   3.9789e-23
 0.0021911   4.3085e-23
 0.0021981   4.7257e-23
 0.0022051    5.181e-23
 0.0022121   5.6776e-23
 0.0022191   6.2191e-23
 0.0022261   6.8093e-23
 0.0022331   7.4524e-23
 0.0022401   8.1526e-23
 0.0022471   8.9149e-23
 0.0022541   9.7443e-23
 0.0022611   1.0646e-22
 0.0022681   1.1627e-22
 0.0022751   1.2693e-22
 0.0022821   1.3851e-22
 0.0022891   1.5109e-22
 0.0022961   1.6474e-22
 0.0023031   1.7955e-22
 0.0023101   1.9562e-22
 0.0023171   2.1304e-22
 0.0023241   2.3192e-22
 0.0023311   2.5238e-22
 0.0023381   2.7453e-22
 0.0023451   2.9852e-22
 0.0023521   3.2448e-22
 0.0023591   3.5257e-22
 0.0023661   3.8294e-22
 0.0023731   4.1578e-22
 0.0023801   4.5127e-22
 0.0023871    4.896e-22
 0.0023941   5.3101e-22
 0.0024011    5.757e-22
 0.0024091   6.3113e-22
 0.0024171   6.9158e-22
 0.0024251   7.5747e-22
 0.0024331   8.2926e-22
 0.0024411   9.0744e-22
 0.0024491   9.9255e-22
 0.0024571   1.0852e-21
 0.0024651   1.1859e-21
 0.0024731   1.2954e-21
 0.0024811   1.4144e-21
 0.0024891   1.5437e-21
 0.0024971   1.6841e-21
 0.0025051   1.8365e-21
 0.0025131   2.0018e-21
 0.0025211   2.1812e-21
 0.0025291   2.3756e-21
 0.0025371   2.5862e-21
 0.0025451   2.8144e-21
 0.0025531   3.0615e-21
 0.0025611    3.329e-21
 0.0025691   3.6184e-21
 0.0025771   3.9314e-21
 0.0025851   4.2699e-21
 0.0025941   4.6834e-21
 0.0026031   5.1345e-21
 0.0026121   5.6263e-21
 0.0026211   6.1622e-21
 0.0026301   6.7461e-21
 0.0026391   7.3818e-21
 0.0026481   8.0736e-21
 0.0026571   8.8262e-21
 0.0026661   9.6445e-21
 0.0026751   1.0534e-20
 0.0026841     1.15e-20
 0.0026931    1.255e-20
 0.0027021   1.3689e-20
 0.0027111   1.4924e-20
 0.0027201   1.6265e-20
 0.0027291   1.7718e-20
 0.0027381   1.9293e-20
 0.0027471   2.0998e-20
 0.0027561   2.2845e-20
 0.0027651   2.4844e-20
 0.0027741   2.7007e-20
 0.0027831   2.9346e-20
 0.0027931   3.2168e-20
 0.0028031   3.5243e-20
 0.0028131   3.8594e-20
 0.0028231   4.2242e-20
 0.0028331   4.6213e-20
 0.0028431   5.0533e-20
 0.0028531   5.5231e-20
 0.0028631   6.0337e-20
 0.0028731   6.5883e-20
 0.0028831   7.1907e-20
 0.0028931   7.8445e-20
 0.0029031   8.5538e-20
 0.0029131   9.3231e-20
 0.0029231   1.0157e-19
 0.0029331   1.1061e-19
 0.0029431   1.2039e-19
 0.0029531   1.3099e-19
 0.0029641   1.4365e-19
 0.0029751   1.5746e-19
 0.0029861    1.725e-19
 0.0029971   1.8888e-19
 0.0030081   2.0672e-19
 0.0030191   2.2613e-19
 0.0030301   2.4723e-19
 0.0030411   2.7018e-19
 0.0030521   2.9511e-19
 0.0030631   3.2218e-19
 0.0030741   3.5158e-19
 0.0030851   3.8347e-19
 0.0030961   4.1805e-19
 0.0031071   4.5555e-19
 0.0031181   4.9618e-19
 0.0031291   5.4018e-19
 0.0031411   5.9235e-19
 0.0031531    6.492e-19
 0.0031651   7.1113e-19
 0.0031771   7.7857e-19
 0.0031891   8.5196e-19
 0.0032011   9.3178e-19
 0.0032131   1.0186e-18
 0.0032251   1.1129e-18
 0.0032371   1.2153e-18
 0.0032491   1.3265e-18
 0.0032611   1.4472e-18
 0.0032731   1.5781e-18
 0.0032851     1.72e-18
 0.0032971   1.8737e-18
 0.0033101   2.0547e-18
 0.0033231    2.252e-18
 0.0033361   2.4669e-18
 0.0033491   2.7008e-18
 0.0033621   2.9553e-18
 0.0033751   3.2321e-18
 0.0033881    3.533e-18
 0.0034011   3.8598e-18
 0.0034141   4.2148e-18
 0.0034271   4.6001e-18
 0.0034401    5.018e-18
 0.0034531   5.4712e-18
 0.0034671   6.0018e-18
 0.0034811   6.5802e-18
 0.0034951   7.2102e-18
 0.0035091   7.8962e-18
 0.0035231   8.6427e-18
 0.0035371   9.4546e-18
 0.0035511   1.0337e-17
 0.0035651   1.1296e-17
 0.0035791   1.2338e-17
 0.0035931   1.3468e-17
 0.0036071   1.4694e-17
 0.0036211   1.6024e-17
 0.0036361   1.7573e-17
 0.0036511    1.926e-17
 0.0036661   2.1097e-17
 0.0036811   2.3096e-17
 0.0036961   2.5271e-17
 0.0037111   2.7635e-17
 0.0037261   3.0203e-17
 0.0037411   3.2993e-17
 0.0037561    3.602e-17
 0.0037711   3.9305e-17
 0.0037871   4.3114e-17
 0.0038031   4.7264e-17
 0.0038191   5.1784e-17
 0.0038351   5.6703e-17
 0.0038511   6.2053e-17
 0.0038671   6.7869e-17
 0.0038831   7.4189e-17
 0.0038991   8.1053e-17
 0.0039151   8.8502e-17
 0.0039321   9.7111e-17
 0.0039491   1.0649e-16
 0.0039661   1.1671e-16
 0.0039831   1.2783e-16
 0.0040001   1.3993e-16
 0.0040171   1.5308e-16
 0.0040341   1.6738e-16
 0.0040511    1.829e-16
 0.0040681   1.9975e-16
 0.0040861   2.1916e-16
 0.0041041    2.403e-16
 0.0041221   2.6331e-16
 0.0041401   2.8836e-16
 0.0041581    3.156e-16
 0.0041761   3.4521e-16
 0.0041941   3.7737e-16
 0.0042121    4.123e-16
 0.0042311   4.5239e-16
 0.0042501   4.9607e-16
 0.0042691   5.4362e-16
 0.0042881   5.9537e-16
 0.0043071   6.5164e-16
 0.0043261   7.1279e-16
 0.0043451   7.7923e-16
 0.0043641   8.5134e-16
 0.0043841   9.3389e-16
 0.0044041   1.0238e-15
 0.0044241   1.1216e-15
 0.0044441    1.228e-15
 0.0044641   1.3437e-15
 0.0044841   1.4694e-15
 0.0045041   1.6058e-15
 0.0045251   1.7616e-15
 0.0045461   1.9313e-15
 0.0045671   2.1159e-15
 0.0045881   2.3167e-15
 0.0046091    2.535e-15
 0.0046301   2.7721e-15
 0.0046521   3.0422e-15
 0.0046741   3.3365e-15
 0.0046961   3.6569e-15
 0.0047181   4.0054e-15
 0.0047401   4.3842e-15
 0.0047621   4.7959e-15
 0.0047851   5.2641e-15
 0.0048081    5.774e-15
 0.0048311   6.3291e-15
 0.0048541    6.933e-15
 0.0048771   7.5895e-15
 0.0049001   8.3028e-15
 0.0049241   9.1125e-15
 0.0049481   9.9942e-15
 0.0049721   1.0954e-14
 0.0049961   1.1997e-14
 0.0050201   1.3132e-14
 0.0050441   1.4364e-14
 0.0050691   1.5759e-14
 0.0050941   1.7279e-14
 0.0051191   1.8932e-14
 0.0051441   2.0728e-14
 0.0051691    2.268e-14
 0.0051951   2.4888e-14
 0.0052211   2.7292e-14
 0.0052471   2.9907e-14
 0.0052731    3.275e-14
 0.0052991   3.5838e-14
 0.0053261   3.9326e-14
 0.0053531   4.3123e-14
 0.0053801   4.7253e-14
 0.0054071   5.1742e-14
 0.0054351   5.6807e-14
 0.0054631   6.2323e-14
 0.0054911   6.8324e-14
 0.0055191    7.485e-14
 0.0055471   8.1942e-14
 0.0055761    8.993e-14
 0.0056051   9.8624e-14
 0.0056341   1.0808e-13
 0.0056631   1.1836e-13
 0.0056931   1.2992e-13
 0.0057231   1.4251e-13
 0.0057531   1.5621e-13
 0.0057831   1.7109e-13
 0.0058141   1.8782e-13
 0.0058451   2.0603e-13
 0.0058761   2.2584e-13
 0.0059071   2.4737e-13
 0.0059391   2.7154e-13
 0.0059711   2.9784e-13
 0.0060031   3.2645e-13
 0.0060351   3.5754e-13
 0.0060681   3.9241e-13
 0.0061011   4.3034e-13
 0.0061341   4.7158e-13
 0.0061681    5.178e-13
 0.0062021    5.681e-13
 0.0062361   6.2281e-13
 0.0062701   6.8227e-13
 0.0063051   7.4882e-13
 0.0063401   8.2122e-13
 0.0063751   8.9992e-13
 0.0064111   9.8795e-13
 0.0064471   1.0837e-12
 0.0064831   1.1879e-12
 0.0065201   1.3043e-12
 0.0065571   1.4309e-12
 0.0065941   1.5686e-12
 0.0066321   1.7225e-12
 0.0066701   1.8898e-12
 0.0067081   2.0718e-12
 0.0067471   2.2749e-12
 0.0067861   2.4959e-12
 0.0068251   2.7361e-12
 0.0068651    3.004e-12
 0.0069051   3.2954e-12
 0.0069461   3.6203e-12
 0.0069871    3.974e-12
 0.0070281   4.3586e-12
 0.0070701   4.7871e-12
 0.0071121   5.2532e-12
 0.0071541     5.76e-12
 0.0071971   6.3241e-12
 0.0072401   6.9375e-12
 0.0072841   7.6202e-12
 0.0073281   8.3629e-12
 0.0073721   9.1701e-12
 0.0074171   1.0068e-11
 0.0074621   1.1043e-11
 0.0075081   1.2128e-11
 0.0075541   1.3308e-11
 0.0076011   1.4618e-11
 0.0076481   1.6044e-11
 0.0076961   1.7628e-11
 0.0077441   1.9351e-11
 0.0077931   2.1264e-11
 0.0078421   2.3345e-11
 0.0078921   2.5655e-11
 0.0079421   2.8168e-11
 0.0079931   3.0956e-11
 0.0080441    3.399e-11
 0.0080961   3.7354e-11
 0.0081481   4.1013e-11
 0.0082011    4.507e-11
 0.0082541   4.9481e-11
 0.0083081   5.4369e-11
 0.0083621   5.9685e-11
 0.0084171   6.5571e-11
 0.0084721    7.197e-11
 0.0085281   7.9053e-11
 0.0085851   8.6894e-11
 0.0086421   9.5422e-11
 0.0087001   1.0486e-10
 0.0087581   1.1512e-10
 0.0088171   1.2646e-10
 0.0088771     1.39e-10
 0.0089371   1.5264e-10
 0.0089981   1.6772e-10
 0.0090601   1.8438e-10
 0.0091221   2.0251e-10
 0.0091851   2.2252e-10
 0.0092491   2.4464e-10
 0.0093131   2.6868e-10
 0.0093781   2.9522e-10
 0.0094441   3.2452e-10
 0.0095101   3.5637e-10
 0.0095771    3.915e-10
 0.0096451   4.3026e-10
 0.0097141   4.7302e-10
 0.0097841    5.202e-10
 0.0098541   5.7149e-10
 0.0099251   6.2803e-10
 0.0099971   6.9035e-10
 0.0100701   7.5905e-10
 0.0101401   8.3052e-10
 0.0102101   9.0785e-10
 0.0102801   9.9146e-10
 0.0103501   1.08177e-9
 0.0104201   1.17925e-9
 0.0104901   1.28438e-9
 0.0105601   1.39766e-9
 0.0106301   1.51962e-9
 0.0107101   1.67038e-9
 0.0107901   1.83411e-9
 0.0108701   2.01175e-9
 0.0109501   2.20431e-9
 0.0110301   2.41283e-9
 0.0111101   2.63843e-9
 0.0111901   2.88229e-9
 0.0112701   3.14565e-9
 0.0113501   3.42981e-9
 0.0114301   3.73616e-9
 0.0115201   4.10913e-9
 0.0116101   4.51419e-9
 0.0117001   4.95366e-9
 0.0117901   5.42998e-9
 0.0118801   5.94572e-9
 0.0119701   6.50361e-9
 0.0120601    7.1065e-9
 0.0121501   7.75743e-9
 0.0122401   8.45957e-9
 0.0123401   9.30387e-9
 0.0124401   1.02204e-8
 0.0125401   1.12142e-8
 0.0126401   1.22907e-8
 0.0127401   1.34556e-8
 0.0128401    1.4715e-8
 0.0129401    1.6075e-8
 0.0130501   1.76953e-8
 0.0131601   1.94548e-8
 0.0132701   2.13633e-8
 0.0133801   2.34311e-8
 0.0134901   2.56693e-8
 0.0136001   2.80893e-8
 0.0137101   3.07031e-8
 0.0138301   3.37905e-8
 0.0139501   3.71411e-8
 0.0140701   4.07732e-8
 0.0141901   4.47059e-8
 0.0143101   4.89595e-8
 0.0144301   5.35552e-8
 0.0145601   5.89459e-8
 0.0146901   6.47941e-8
 0.0148201   7.11313e-8
 0.0149501   7.79905e-8
 0.0150801   8.54062e-8
 0.0152201   9.40566e-8
 0.0153601   1.03442e-7
 0.0155001   1.13614e-7
 0.0156401   1.24623e-7
 0.0157801   1.36526e-7
 0.0159301   1.50337e-7
 0.0160801   1.65314e-7
 0.0162301   1.81537e-7
 0.0163801   1.99088e-7
 0.0165401   2.19369e-7
 0.0167001   2.41369e-7
 0.0168601   2.65203e-7
 0.0170201   2.90991e-7
 0.0171901   3.20674e-7
 0.0173601   3.52864e-7
 0.0175301   3.87728e-7
 0.0177001   4.25439e-7
 0.0178801   4.68676e-7
 0.0180601   5.15536e-7
 0.0182401   5.66255e-7
 0.0184301   6.24251e-7
 0.0186201   6.87128e-7
 0.0188101   7.55201e-7
 0.0190101   8.32838e-7
 0.0192101   9.17006e-7
 0.0194101   1.00813e-6
 0.0196201   1.11177e-6
 0.0198301    1.2241e-6
 0.0200401   1.34568e-6
 0.0202601   1.48358e-6
 0.0204801   1.63297e-6
 0.0207001   1.79455e-6
 0.0209301   1.97734e-6
 0.0211601   2.17518e-6
 0.0214001   2.39869e-6
 0.0216401   2.64071e-6
 0.0218901   2.91374e-6
 0.0221401   3.20945e-6
 0.0224001   3.54257e-6
 0.0226601   3.90339e-6
 0.0229301   4.30923e-6
 0.0232001   4.74876e-6
 0.0234801   5.24235e-6
 0.0237601   5.77678e-6
 0.0240501   6.37597e-6
 0.0243401   7.02445e-6
 0.0246401   7.75031e-6
 0.0249401   8.53545e-6
 0.0252501   9.41276e-6
 0.0255701   1.03929e-5
 0.0258901   1.14533e-5
 0.0262201   1.26358e-5
 0.0265601   1.39542e-5
 0.0269101   1.54237e-5
 0.0272601   1.70139e-5
 0.0276201   1.87827e-5
 0.0279901   2.07496e-5
 0.0283701   2.29359e-5
 0.0287501   2.53004e-5
 0.0291401   2.79227e-5
 0.0295401   3.08299e-5
 0.0299501   3.40512e-5
 0.0303701   3.76187e-5
 0.0308001   4.15674e-5
 0.0312401   4.59354e-5
 0.0316901    5.0764e-5
 0.0321501   5.60984e-5
 0.0326201   6.19872e-5
 0.0331101   6.86242e-5
 0.0336101   7.59483e-5
 0.0341201   8.40239e-5
 0.0346401   9.29202e-5
 0.0351801  0.000102904
 0.0357301  0.000113894
 0.0362901  0.000125979
 0.0368701  0.000139498
 0.0374701   0.00015461
 0.0380801  0.000171209
 0.0387101  0.000189725
 0.0393601  0.000210364
 0.0400201  0.000232994
 0.0407001  0.000258159
 0.0414001   0.00028612
 0.0421201  0.000317159
 0.0428601  0.000351582
 0.0436301  0.000390242
 0.0444201  0.000433057
 0.0452301  0.000480421
 0.0460701  0.000533412
 0.0469301  0.000591932
 0.0478201   0.00065724
 0.0487401  0.000730044
 0.0496901  0.000811111
 0.0506701  0.000901274
 0.0516801   0.00100143
 0.0527301   0.00111366
 0.0538101   0.00123805
 0.0549301   0.00137703
 0.0560901   0.00153211
 0.0572901    0.0017049
 0.0585301   0.00189717
 0.0598201   0.00211252
 0.0611601   0.00235336
 0.0625501   0.00262231
 0.0639901   0.00292217
 0.0654901   0.00325828
 0.0670501   0.00363439
 0.0686701   0.00405455
 0.0703501   0.00452309
 0.0721001   0.00504778
 0.0739301    0.0056376
 0.0758301   0.00629577
 0.0778101   0.00703268
 0.0798801   0.00786026
 0.0820401   0.00878778
 0.0843001   0.00982994
 0.0866601    0.0109984
 0.0891301    0.0123112
 0.0917101    0.0137828
 0.0944101    0.0154351
 0.0972401    0.0172929
	0.1002    0.0193769
	0.1033     0.021717
	0.1065     0.024305
	0.1099    0.0272502
	0.1134    0.0304966
	0.1171    0.0341692
	 0.121    0.0383133
	0.1251    0.0429772
	0.1294     0.048213
	0.1339    0.0540766
	0.1386    0.0606276
	0.1436    0.0680838
	0.1488    0.0763798
	0.1543    0.0857653
	0.1601    0.0963539
	0.1662     0.108267
	0.1726     0.121634
	0.1794     0.136822
	0.1866     0.154019
	0.1942     0.173422
	0.2023      0.19551
	 0.211     0.220836
	0.2204     0.250016
	0.2308     0.284396
	0.2425     0.325491
	0.2564     0.377159
	0.2763     0.454899
	 0.307      0.57626
	0.3236     0.637935
	0.3379     0.686298
	0.3511      0.72567
	0.3638     0.757868
	0.3763     0.783541
	0.3888     0.802946
	0.4015     0.816212
	0.4146     0.823319
	0.4284     0.824109
	0.4432     0.818178
	0.4595     0.804816
	0.4782     0.782583
	0.5011     0.748361
	0.5364     0.687722
	0.5899     0.593612
	0.6227     0.540166
	0.6523     0.496093
	0.6807      0.45771
	0.7087     0.423499
	0.7368     0.392547
	0.7653     0.364307
	0.7944     0.338413
  0.820925     0.317232
  0.847082     0.298665
  0.874983     0.281183
  0.902883     0.265856
  0.932527     0.251655
  0.963916     0.238638
  0.996753     0.226874
   1.03255     0.215876
   1.07059     0.205953
	1.1131     0.196585
   1.16457     0.186987
   1.24542     0.173861
   1.32711     0.161925
   1.40499      0.15177
   1.48348     0.142683
   1.56572     0.134297
   1.64795     0.126962
   1.73152     0.120471
   1.82112      0.11446
   1.91478     0.109079
   2.01659     0.104093
   2.13314    0.0992349
   2.26119     0.094661
   2.39457    0.0906175
   2.53863     0.086963
   2.69421    0.0837054
   2.86614    0.0807814
   3.04762    0.0783371
   3.25776    0.0761586
   3.51565    0.0741498
   3.92685    0.0716747
   4.37113    0.0695891
   4.86434     0.067852
   5.99751    0.0647142
   6.53163    0.0627132
   7.20359    0.0596345
   8.92857    0.0510177
   9.61449    0.0479105
   10.2635    0.0453142
   10.9589    0.0428723
   11.7007    0.0406011
   12.4888    0.0385004
	13.416    0.0363465
   14.6146    0.0338948
   15.8708    0.0315959
   17.1269    0.0295468
   18.3831    0.0277267
   19.6392     0.026115
   20.9739    0.0246077
   22.3202    0.0232767
   23.7753    0.0220212
   25.3921    0.0208066
   27.3323    0.0195319
		30    0.0179546