     1.000000000000000e-03     1.369554613806971e-11
     1.007170746501496e-03     1.537564332975978e-11
     1.014392912608380e-03     1.725430319123786e-11
     1.021666867037609e-03     1.935407524995442e-11
     1.028992981150114e-03     2.169996217089077e-11
     1.036371628969759e-03     2.431967447320598e-11
     1.043803187202444e-03     2.724391037728285e-11
     1.051288035255327e-03     3.050666312487237e-11
     1.058826555256198e-03     3.414555831991747e-11
     1.066419132072992e-03     3.820222405914844e-11
     1.074066153333433e-03     4.272269686092324e-11
     1.081768009444825e-03     4.775786665942375e-11
     1.089525093613981e-03     5.336396441050875e-11
     1.097337801867306e-03     5.960309615688467e-11
     1.105206533071005e-03     6.654382772529461e-11
     1.113131688951454e-03     7.426182457891732e-11
     1.121113674115707e-03     8.284055172587959e-11
     1.129152896072152e-03     9.237203899163973e-11
     1.137249765251314e-03     1.029577174011110e-10
     1.145404695026818e-03     1.147093328878397e-10
     1.153618101736479e-03     1.277499440547253e-10
     1.161890404703567e-03     1.422150112560829e-10
     1.170222026258217e-03     1.582535848569344e-10
     1.178613391758982e-03     1.760296011549176e-10
     1.187064929614553e-03     1.957232951262947e-10
     1.195577071305636e-03     2.175327398830023e-10
     1.204150251406970e-03     2.416755235059708e-10
     1.212784907609521e-03     2.683905747546149e-10
     1.221481480742829e-03     2.979401500468139e-10
     1.230240414797509e-03     3.306119950619647e-10
     1.239062156947916e-03     3.667216953459678e-10
     1.247947157574986e-03     4.066152313952907e-10
     1.256895870289219e-03     4.506717548722676e-10
     1.265908751953841e-03     4.993066038607179e-10
     1.274986262708126e-03     5.529745764138939e-10
     1.284128865990896e-03     6.121734830822439e-10
     1.293337028564171e-03     6.774480006409682e-10
     1.302611220537001e-03     7.493938508737958e-10
     1.311951915389477e-03     8.286623300150864e-10
     1.321359589996887e-03     9.159652163143267e-10
     1.330834724654075e-03     1.012080085172515e-09
     1.340377803099958e-03     1.117856063414931e-09
     1.349989312542220e-03     1.234220056517931e-09
     1.359669743682188e-03     1.362183485006576e-09
     1.369419590739887e-03     1.502849568792637e-09
     1.379239351479266e-03     1.657421200937714e-09
     1.389129527233611e-03     1.827209455214755e-09
     1.399090622931146e-03     2.013642774909280e-09
     1.409123147120806e-03     2.218276893561810e-09
     1.419227611998198e-03     2.442805541816347e-09
     1.429404533431761e-03     2.689071998212976e-09
     1.439654430989090e-03     2.959081545662577e-09
     1.449977827963469e-03     3.255014899476691e-09
     1.460375251400583e-03     3.579242677207982e-09
     1.470847232125436e-03     3.934340985202714e-09
     1.481394304769435e-03     4.323108201684480e-09
     1.492017007797695e-03     4.748583041398141e-09
     1.502715883536533e-03     5.214063992354254e-09
     1.513491478201146e-03     5.723130221042970e-09
     1.524344341923499e-03     6.279664048653559e-09
     1.535275028780423e-03     6.887875107349563e-09
     1.546284096821885e-03     7.552326292532038e-09
     1.557372108099488e-03     8.277961634294393e-09
     1.568539628695170e-03     9.070136218943414e-09
     1.579787228750094e-03     9.934648299554993e-09
     1.591115482493761e-03     1.087777374307523e-08
     1.602524968273330e-03     1.190630297047388e-08
     1.614016268583136e-03     1.302758055594458e-08
     1.625589970094435e-03     1.424954766113582e-08
     1.637246663685357e-03     1.558078749091880e-08
     1.648986944471065e-03     1.703057396826113e-08
     1.660811411834142e-03     1.860892383743315e-08
     1.672720669455197e-03     2.032665241701175e-08
     1.684715325343673e-03     2.219543323702056e-08
     1.696795991868897e-03     2.422786180807708e-08
     1.708963285791344e-03     2.643752378461578e-08
     1.721217828294117e-03     2.883906779916817e-08
     1.733560245014670e-03     3.144828326033716e-08
     1.745991166076741e-03     3.428218342350796e-08
     1.758511226122529e-03     3.735909406055303e-08
     1.771121064345089e-03     4.069874807282326e-08
     1.783821324520966e-03     4.432238641061432e-08
     1.796612655043069e-03     4.825286568208605e-08
     1.809495708953763e-03     5.251477285531567e-08
     1.822471143978214e-03     5.713454747884999e-08
     1.835539622557973e-03     6.214061186878083e-08
     1.848701811884789e-03     6.756350973404861e-08
     1.861958383934669e-03     7.343605373646752e-08
     1.875310015502201e-03     7.979348250781057e-08
     1.888757388235084e-03     8.667362767329223e-08
     1.902301188668944e-03     9.411709145899419e-08
     1.915942108262384e-03     1.021674354901715e-07
     1.929680843432276e-03     1.108713814180241e-07
     1.943518095589320e-03     1.202790240445212e-07
     1.957454571173862e-03     1.304440576481367e-07
     1.971490981691945e-03     1.414240162480419e-07
     1.985628043751644e-03     1.532805285804458e-07
     1.999866479099647e-03     1.660795885983178e-07
     2.014207014658110e-03     1.798918423448464e-07
     2.028650382561759e-03     1.947928920915992e-07
     2.043197320195271e-03     2.108636186746478e-07
     2.057848570230927e-03     2.281905230057721e-07
     2.072604880666520e-03     2.468660877814339e-07
     2.087467004863541e-03     2.669891604595554e-07
     2.102435701585655e-03     2.886653586232252e-07
     2.117511735037421e-03     3.120074989012983e-07
     2.132695874903316e-03     3.371360506687815e-07
     2.147988896387035e-03     3.641796158044826e-07
     2.163391580251055e-03     3.932754358400702e-07
     2.178904712856506e-03     4.245699278934708e-07
     2.194529086203314e-03     4.582192508401195e-07
     2.210265497970638e-03     4.943899032385062e-07
     2.226114751557587e-03     5.332593545912954e-07
     2.242077656124248e-03     5.750167115906779e-07
     2.258155026632984e-03     6.198634210656505e-07
     2.274347683890048e-03     6.680140114209632e-07
     2.290656454587486e-03     7.196968744310838e-07
     2.307082171345349e-03     7.751550893291708e-07
     2.323625672754186e-03     8.346472912094437e-07
     2.340287803417875e-03     8.984485858429282e-07
     2.357069413996728e-03     9.668515130896985e-07
     2.373971361250929e-03     1.040167061177410e-06
     2.390994508084269e-03     1.118725734204194e-06
     2.408139723588211e-03     1.202878675315713e-06
     2.425407883086245e-03     1.292998848099550e-06
     2.442799868178584e-03     1.389482278837437e-06
     2.460316566787182e-03     1.492749362354400e-06
     2.477958873201044e-03     1.603246234306270e-06
     2.495727688121899e-03     1.721446212851664e-06
     2.513623918710187e-03     1.847851312762154e-06
     2.531648478631356e-03     1.982993835134225e-06
     2.549802288102517e-03     2.127438035980409e-06
     2.568086273939435e-03     2.281781877092321e-06
     2.586501369603827e-03     2.446658862687259e-06
     2.605048515251029e-03     2.622739965472078e-06
     2.623728657777991e-03     2.810735645881926e-06
     2.642542750871627e-03     3.011397968379533e-06
     2.661491755057492e-03     3.225522818830100e-06
     2.680576637748832e-03     3.453952227101341e-06
     2.699798373295962e-03     3.697576799172766e-06
     2.719157943036019e-03     3.957338263178770e-06
     2.738656335343058e-03     4.234232133950404e-06
     2.758294545678519e-03     4.529310500766985e-06
     2.778073576642040e-03     4.843684943174432e-06
     2.797994438022642e-03     5.178529579879512e-06
     2.818058146850298e-03     5.535084255880849e-06
     2.838265727447839e-03     5.914657873153933e-06
     2.858618211483249e-03     6.318631870366604e-06
     2.879116638022356e-03     6.748463857262491e-06
     2.899762053581854e-03     7.205691409513114e-06
     2.920555512182745e-03     7.691936030008201e-06
     2.941498075404155e-03     8.208907282720993e-06
     2.962590812437518e-03     8.758407105457967e-06
     2.983834800141169e-03     9.342334307977138e-06
     3.005231123095321e-03     9.962689262134949e-06
     3.026780873657444e-03     1.062157879090230e-05
     3.048485152018016e-03     1.132122126326858e-05
     3.070345066256712e-03     1.206395190224073e-05
     3.092361732398959e-03     1.285222831332500e-05
     3.114536274472920e-03     1.368863624107111e-05
     3.136869824566877e-03     1.457589556144505e-05
     3.159363522887039e-03     1.551686651798996e-05
     3.182018517815733e-03     1.651455620992628e-05
     3.204835965970056e-03     1.757212534054007e-05
     3.227817032260905e-03     1.869289523439960e-05
     3.250962889952460e-03     1.988035513214510e-05
     3.274274720722077e-03     2.113816977178772e-05
     3.297753714720633e-03     2.247018726566218e-05
     3.321401070633262e-03     2.388044728236934e-05
     3.345217995740568e-03     2.537318954325761e-05
     3.369205705980267e-03     2.695286264318690e-05
     3.393365426009246e-03     2.862413320552299e-05
     3.417698389266101e-03     3.039189538152005e-05
     3.442205838034096e-03     3.226128070444617e-05
     3.466889023504609e-03     3.423766830901511e-05
     3.491749205840977e-03     3.632669552688827e-05
     3.516787654242864e-03     3.853426886922167e-05
     3.542005647011031e-03     4.086657540742430e-05
     3.567404471612615e-03     4.333009456351318e-05
     3.592985424746851e-03     4.593161032163567e-05
     3.618749812411280e-03     4.867822387254670e-05
     3.644698949968415e-03     5.157736670301225e-05
     3.670834162212908e-03     5.463681414232826e-05
     3.697156783439170e-03     5.786469937832155e-05
     3.723668157509499e-03     6.126952795541139e-05
     3.750369637922689e-03     6.486019276749138e-05
     3.777262587883142e-03     6.864598955859441e-05
     3.804348380370437e-03     7.263663294447552e-05
     3.831628398209448e-03     7.684227296845702e-05
     3.859104034140942e-03     8.127351220504203e-05
     3.886776690892668e-03     8.594142342499183e-05
     3.914647781250983e-03     9.085756783574726e-05
     3.942718728132975e-03     9.603401391122988e-05
     3.970990964659118e-03     1.014833568252541e-04
     3.999465934226417e-03     1.072187385029102e-04
     4.028145090582125e-03     1.132538683044920e-04
     4.057029897897936e-03     1.196030443566394e-04
     4.086121830844753e-03     1.262811755455784e-04
     4.115422374667966e-03     1.333038041874430e-04
     4.144933025263296e-03     1.406871293908391e-04
     4.174655289253135e-03     1.484480311269088e-04
     4.204590684063500e-03     1.566040950223535e-04
     4.234740738001471e-03     1.651736378909073e-04
     4.265106990333240e-03     1.741757340189660e-04
     4.295690991362675e-03     1.836302422211241e-04
     4.326494302510497e-03     1.935578336815194e-04
     4.357518496393968e-03     2.039800205969496e-04
     4.388765156907185e-03     2.149191856378671e-04
     4.420235879301966e-03     2.263986122434225e-04
     4.451932270269259e-03     2.384425157667572e-04
     4.483855948021186e-03     2.510760754869411e-04
     4.516008542373672e-03     2.643254675038830e-04
     4.548391694829626e-03     2.782178985326846e-04
     4.581007058662755e-03     2.927816406139214e-04
     4.613856299001991e-03     3.080460667564180e-04
     4.646941092916467e-03     3.240416875290267e-04
     4.680263129501155e-03     3.408001886180627e-04
     4.713824109963103e-03     3.583544693669843e-04
     4.747625747708290e-03     3.767386823149299e-04
     4.781669768429078e-03     3.959882737507323e-04
     4.815957910192351e-03     4.161400252990340e-04
     4.850491923528216e-03     4.372320965550643e-04
     4.885273571519392e-03     4.593040687846638e-04
     4.920304629891212e-03     4.823969897060622e-04
     4.955586887102299e-03     5.065534193699056e-04
     4.991122144435845e-03     5.318174771539041e-04
     5.026912216091597e-03     5.582348898885430e-04
     5.062958929278466e-03     5.858530411300186e-04
     5.099264124307808e-03     6.147210215967045e-04
     5.135829654687389e-03     6.448896807851826e-04
     5.172657387216019e-03     6.764116797818594e-04
     5.209749202078837e-03     7.093415452860294e-04
     5.247106992943311e-03     7.437357248601780e-04
     5.284732667055936e-03     7.796526434231452e-04
     5.322628145339571e-03     8.171527610016011e-04
     5.360795362491530e-03     8.562986317552300e-04
     5.399236267082348e-03     8.971549642907302e-04
     5.437952821655281e-03     9.397886832797483e-04
     5.476947002826461e-03     9.842689923953913e-04
     5.516220801385860e-03     1.030667438582198e-03
     5.555776222398878e-03     1.079057977673782e-03
     5.595615285308740e-03     1.129517041372566e-03
     5.635740024039581e-03     1.182123605605531e-03
     5.676152487100306e-03     1.236959260269869e-03
     5.716854737689134e-03     1.294108280381993e-03
     5.757848853798982e-03     1.353657698643421e-03
     5.799136928323504e-03     1.415697379436459e-03
     5.840721069163977e-03     1.480320094262657e-03
     5.882603399336901e-03     1.547621598636573e-03
     5.924786057082379e-03     1.617700710447112e-03
     5.967271195973310e-03     1.690659389798654e-03
     6.010060985025316e-03     1.766602820343553e-03
     6.053157608807465e-03     1.845639492117556e-03
     6.096563267553827e-03     1.927881285889470e-03
     6.140280177275782e-03     2.013443559035780e-03
     6.184310569875190e-03     2.102445232951039e-03
     6.228656693258288e-03     2.195008882004009e-03
     6.273320811450486e-03     2.291260824050009e-03
     6.318305204711957e-03     2.391331212508777e-03
     6.363612169654032e-03     2.495354130017320e-03
     6.409244019356457e-03     2.603467683666956e-03
     6.455203083485486e-03     2.715814101833087e-03
     6.501491708412838e-03     2.832539832606370e-03
     6.548112257335446e-03     2.953795643833011e-03
     6.595067110396132e-03     3.079736724772422e-03
     6.642358664805138e-03     3.210522789379485e-03
     6.689989334962473e-03     3.346318181218376e-03
     6.737961552581197e-03     3.487291980015243e-03
     6.786277766811583e-03     3.633618109855880e-03
     6.834940444366122e-03     3.785475449034671e-03
     6.883952069645496e-03     3.943047941560957e-03
     6.933315144865375e-03     4.106524710327892e-03
     6.983032190184189e-03     4.276100171949725e-03
     7.033105743831788e-03     4.451974153271956e-03
     7.083538362239017e-03     4.634352009559367e-03
     7.134332620168256e-03     4.823444744366296e-03
     7.185491110844830e-03     5.019469131093067e-03
     7.237016446089453e-03     5.222647836232977e-03
     7.288911256451520e-03     5.433209544312650e-03
     7.341178191343429e-03     5.651389084529950e-03
     7.393819919175866e-03     5.877427559092097e-03
     7.446839127493990e-03     6.111572473256707e-03
     7.500238523114665e-03     6.354077867078842e-03
     7.554020832264677e-03     6.605204448866441e-03
     7.608188800719869e-03     6.865219730345862e-03
     7.662745193945353e-03     7.134398163540272e-03
     7.717692797236686e-03     7.413021279362412e-03
     7.773034415862096e-03     7.701377827923582e-03
     7.828772875205647e-03     7.999763920559974e-03
     7.884911020911529e-03     8.308483173578810e-03
     7.941451719029340e-03     8.627846853724620e-03
     7.998397856160371e-03     8.958174025367154e-03
     8.055752339605008e-03     9.299791699412705e-03
     8.113518097511143e-03     9.653034983938973e-03
     8.171698079023688e-03     1.001824723655543e-02
     8.230295254435131e-03     1.039578021848953e-02
     8.289312615337153e-03     1.078599425040008e-02
     8.348753174773391e-03     1.118925836991898e-02
     8.408619967393253e-03     1.160595049092210e-02
     8.468916049606841e-03     1.203645756453055e-02
     8.529644499741028e-03     1.248117574184383e-02
     8.590808418196542e-03     1.294051053840523e-02
     8.652410927606349e-03     1.341487700040256e-02
     8.714455172994989e-03     1.390469987260374e-02
     8.776944321939189e-03     1.441041376803074e-02
     8.839881564729554e-03     1.493246333937271e-02
     8.903270114533480e-03     1.547130345214131e-02
     8.967113207559137e-03     1.602739935956900e-02
     9.031414103220763e-03     1.660122687925528e-02
     9.096176084304998e-03     1.719327257156134e-02
     9.161402457138521e-03     1.780403391975801e-02
     9.227096551756837e-03     1.843401951192981e-02
     9.293261722074316e-03     1.908374922463927e-02
     9.359901346055369e-03     1.975375440835476e-02
     9.427018825886936e-03     2.044457807464818e-02
     9.494617588152204e-03     2.115677508516620e-02
     9.562701084005492e-03     2.189091234238046e-02
     9.631272789348479e-03     2.264756898212375e-02
     9.700336205007645e-03     2.342733656791719e-02
     9.769894856913042e-03     2.423081928709690e-02
     9.839952296278227e-03     2.505863414874496e-02
     9.910512099781653e-03     2.591141118343638e-02
     9.981577869749198e-03     2.678979364480606e-02
     1.005315323433811e-02     2.769443821294900e-02
     1.012524184772224e-02     2.862601519966022e-02
     1.019784739027860e-02     2.958520875552642e-02
     1.027097356877523e-02     3.057271707887906e-02
     1.034462411656048e-02     3.158925262662117e-02
     1.041880279375360e-02     3.263554232693899e-02
     1.049351338743668e-02     3.371232779391220e-02
     1.056875971184804e-02     3.482036554403482e-02
     1.064454560857693e-02     3.596042721466138e-02
     1.072087494675965e-02     3.713329978439278e-02
     1.079775162327709e-02     3.833978579541715e-02
     1.087517956295373e-02     3.958070357782141e-02
     1.095316271875792e-02     4.085688747588917e-02
     1.103170507200377e-02     4.216918807640354e-02
     1.111081063255438e-02     4.351847243897112e-02
     1.119048343902655e-02     4.490562432838586e-02
     1.127072755899700e-02     4.633154444905192e-02
     1.135154708920999e-02     4.779715068148333e-02
     1.143294615578651e-02     4.930337832090243e-02
     1.151492891443491e-02     5.085118031795440e-02
     1.159749955066306e-02     5.244152752156252e-02
     1.168066227999209e-02     5.407540892394008e-02
     1.176442134817149e-02     5.575383190778497e-02
     1.184878103139602e-02     5.747782249567513e-02
     1.193374563652389e-02     5.924842560168895e-02
     1.201931950129674e-02     6.106670528527108e-02
     1.210550699456103e-02     6.293374500736673e-02
     1.219231251649111e-02     6.485064788884369e-02
     1.227974049881389e-02     6.681853697123000e-02
     1.236779540503503e-02     6.883855547978030e-02
     1.245648173066690e-02     7.091186708890113e-02
     1.254580400345803e-02     7.303965618994862e-02
     1.263576678362428e-02     7.522312816142303e-02
     1.272637466408168e-02     7.746350964157962e-02
     1.281763227068086e-02     7.976204880347212e-02
     1.290954426244330e-02     8.212001563245115e-02
     1.300211533179913e-02     8.453870220612728e-02
     1.309535020482667e-02     8.701942297682108e-02
     1.318925364149380e-02     8.956351505651113e-02
     1.328383043590088e-02     9.217233850428915e-02
     1.337908541652558e-02     9.484727661633814e-02
     1.347502344646935e-02     9.758973621843645e-02
     1.357164942370569e-02     1.004011479609939e-01
     1.366896828133027e-02     1.032829666166268e-01
     1.376698498781267e-02     1.062366713802650e-01
     1.386570454725017e-02     1.092637661717931e-01
     1.396513199962315e-02     1.123657799412143e-01
     1.406527242105237e-02     1.155442669763285e-01
     1.416613092405823e-02     1.188008072129083e-01
     1.426771265782165e-02     1.221370065473491e-01
     1.437002280844707e-02     1.255544971517760e-01
     1.447306659922716e-02     1.290549377915655e-01
     1.457684929090949e-02     1.326400141452545e-01
     1.468137618196511e-02     1.363114391267873e-01
     1.478665260885908e-02     1.400709532100500e-01
     1.489268394632289e-02     1.439203247556387e-01
     1.499947560762887e-02     1.478613503397884e-01
     1.510703304486655e-02     1.518958550853909e-01
     1.521536174922101e-02     1.560256929950164e-01
     1.532446725125323e-02     1.602527472858439e-01
     1.543435512118245e-02     1.645789307263950e-01
     1.554503096917051e-02     1.690061859749505e-01
     1.565650044560834e-02     1.735364859195224e-01
     1.576876924140435e-02     1.781718340192419e-01
     1.588184308827504e-02     1.829142646469972e-01
     1.599572775903759e-02     1.877658434331543e-01
     1.611042906790460e-02     1.927286676101754e-01
     1.622595287078087e-02     1.978048663579188e-01
     1.634230506556247e-02     2.029966011494084e-01
     1.645949159243772e-02     2.083060660968178e-01
     1.657751843419060e-02     2.137354882974200e-01
     1.669639161650606e-02     2.192871281791936e-01
     1.681611720827772e-02     2.249632798458046e-01
     1.693670132191773e-02     2.307662714206073e-01
     1.705815011366875e-02     2.366984653893135e-01
     1.718046978391833e-02     2.427622589409445e-01
     1.730366657751542e-02     2.489600843066453e-01
     1.742774678408919e-02     2.552944090959091e-01
     1.755271673837016e-02     2.617677366297437e-01
     1.767858282051358e-02     2.683826062702487e-01
     1.780535145642518e-02     2.751415937460662e-01
     1.793302911808925e-02     2.820473114731016e-01
     1.806162232389901e-02     2.891024088698869e-01
     1.819113763898946e-02     2.963095726669194e-01
     1.832158167557246e-02     3.036715272092376e-01
     1.845296109327444e-02     3.111910347514901e-01
     1.858528259947629e-02     3.188708957446472e-01
     1.871855294965579e-02     3.267139491135116e-01
     1.885277894773261e-02     3.347230725240868e-01
     1.898796744641553e-02     3.429011826398070e-01
     1.912412534755243e-02     3.512512353655987e-01
     1.926125960248257e-02     3.597762260786397e-01
     1.939937721239146e-02     3.684791898446370e-01
     1.953848522866843e-02     3.773632016183822e-01
     1.967859075326643e-02     3.864313764272189e-01
     1.981970093906478e-02     3.956868695360485e-01
     1.996182299023428e-02     4.051328765923520e-01
     2.010496416260499e-02     4.147726337496513e-01
     2.024913176403669e-02     4.246094177677496e-01
     2.039433315479198e-02     4.346465460879549e-01
     2.054057574791204e-02     4.448873768814365e-01
     2.068786700959510e-02     4.553353090687281e-01
     2.083621445957757e-02     4.659937823082846e-01
     2.098562567151801e-02     4.768662769519115e-01
     2.113610827338374e-02     4.879563139647063e-01
     2.128766994784035e-02     4.992674548071130e-01
     2.144031843264383e-02     5.108033012764568e-01
     2.159406152103566e-02     5.225674953052751e-01
     2.174890706214073e-02     5.345637187135874e-01
     2.190486296136793e-02     5.467956929120584e-01
     2.206193718081390e-02     5.592671785529413e-01
     2.222013773966945e-02     5.719819751254281e-01
     2.237947271462894e-02     5.849439204919493e-01
     2.253995024030270e-02     5.981568903617350e-01
     2.270157850963224e-02     6.116247976977933e-01
     2.286436577430862e-02     6.253515920532892e-01
     2.302832034519367e-02     6.393412588330550e-01
     2.319345059274429e-02     6.535978184758426e-01
     2.335976494743983e-02     6.681253255526607e-01
     2.352727190021245e-02     6.829278677763301e-01
     2.369598000288063e-02     6.980095649172157e-01
     2.386589786858581e-02     7.133745676197947e-01
     2.403703417223203e-02     7.290270561145442e-01
     2.420939765092890e-02     7.449712388193581e-01
     2.438299710443762e-02     7.612113508244688e-01
     2.455784139562025e-02     7.777516522545804e-01
     2.473393945089219e-02     7.945964265016779e-01
     2.491130026067789e-02     8.117499783216809e-01
     2.508993287986986e-02     8.292166317878901e-01
     2.526984642829095e-02     8.470007280938239e-01
     2.545105009115996e-02     8.651066231978400e-01
     2.563355311956055e-02     8.835386853015965e-01
     2.581736483091354e-02     9.023012921541164e-01
     2.600249460945267e-02     9.213988281730143e-01
     2.618895190670356e-02     9.408356813740045e-01
     2.637674624196640e-02     9.606162400996618e-01
     2.656588720280183e-02     9.807448895380405e-01
     2.675638444552046e-02     1.001226008021454e+00
     2.694824769567586e-02     1.022063963095512e+00
     2.714148674856107e-02     1.043263107348123e+00
     2.733611146970870e-02     1.064827773988006e+00
     2.753213179539463e-02     1.086762272161903e+00
     2.772955773314518e-02     1.109070881999465e+00
     2.792839936224817e-02     1.131757849374586e+00
     2.812866683426738e-02     1.154827380371646e+00
     2.833037037356094e-02     1.178283635444987e+00
     2.853352027780325e-02     1.202130723259748e+00
     2.873812691851066e-02     1.226372694202010e+00
     2.894420074157113e-02     1.251013533546083e+00
     2.915175226777733e-02     1.276057154266671e+00
     2.936079209336396e-02     1.301507389483593e+00
     2.957133089054861e-02     1.327367984526677e+00
     2.978337940807659e-02     1.353642588608559e+00
     2.999694847176979e-02     1.380334746093100e+00
     3.021204898507928e-02     1.407447887347305e+00
     3.042869192964206e-02     1.434985319164845e+00
     3.064688836584164e-02     1.462950214749521e+00
     3.086664943337273e-02     1.491345603247328e+00
     3.108798635181000e-02     1.520174358816254e+00
     3.131091042118079e-02     1.549439189223379e+00
     3.153543302254212e-02     1.579142623959526e+00
     3.176156561856168e-02     1.609287001862362e+00
     3.198931975410300e-02     1.639874458239668e+00
     3.221870705681499e-02     1.670906911485516e+00
     3.244973923772536e-02     1.702386049183015e+00
     3.268242809183873e-02     1.734313313688696e+00
     3.291678549873869e-02     1.766689887194721e+00
     3.315282342319425e-02     1.799516676266842e+00
     3.339055391577084e-02     1.832794295857595e+00
     3.362998911344536e-02     1.866523052796016e+00
     3.387114124022594e-02     1.900702928757393e+00
     3.411402260777598e-02     1.935333562718588e+00
     3.435864561604264e-02     1.970414232907013e+00
     3.460502275389002e-02     2.005943838254045e+00
     3.485316659973665e-02     2.041920879366336e+00
     3.510308982219777e-02     2.078343439031811e+00
     3.535480518073200e-02     2.115209162280272e+00
     3.560832552629278e-02     2.152515236022193e+00
     3.586366380198458e-02     2.190258368293141e+00
     3.612083304372348e-02     2.228434767135129e+00
     3.637984638090287e-02     2.267040119150796e+00
     3.664071703706370e-02     2.306069567770557e+00
     3.690345833056952e-02     2.345517691277912e+00
     3.716808367528657e-02     2.385378480643011e+00
     3.743460658126843e-02     2.425645317219845e+00
     3.770304065544593e-02     2.466310950368037e+00
     3.797339960232174e-02     2.507367475065764e+00
     3.824569722467000e-02     2.548806309586357e+00
     3.851994742424109e-02     2.590618173317202e+00
     3.879616420247126e-02     2.632793064805665e+00
     3.907436166119759e-02     2.675320240123304e+00
     3.935455400337781e-02     2.718188191645872e+00
     3.963675553381546e-02     2.761384627353226e+00
     3.992098065989023e-02     2.804896450759729e+00
     4.020724389229342e-02     2.848709741592097e+00
     4.049555984576887e-02     2.892809737338087e+00
     4.078594323985904e-02     2.937180815795586e+00
     4.107840889965647e-02     2.981806478757591e+00
     4.137297175656071e-02     3.026669336974369e+00
     4.166964684904056e-02     3.071751096539248e+00
     4.196844932340187e-02     3.117032546849540e+00
     4.226939443456088e-02     3.162493550298301e+00
     4.257249754682285e-02     3.208113033856399e+00
     4.287777413466669e-02     3.253868982707496e+00
     4.318523978353478e-02     3.299738436100483e+00
     4.349491019062879e-02     3.345697485585533e+00
     4.380680116571113e-02     3.391721275799925e+00
     4.412092863191187e-02     3.437784007969110e+00
     4.443730862654193e-02     3.483858946286543e+00
     4.475595730191159e-02     3.529918427332195e+00
     4.507689092615536e-02     3.575933872685234e+00
     4.540012588406242e-02     3.621875804879850e+00
     4.572567867791302e-02     3.667713866845601e+00
     4.605356592832122e-02     3.713416844964121e+00
     4.638380437508313e-02     3.758952695862886e+00
     4.671641087803181e-02     3.804288577053870e+00
     4.705140241789792e-02     3.849390881510225e+00
     4.738879609717654e-02     3.894225276257604e+00
     4.772860914100049e-02     3.938756745038596e+00
     4.807085889801958e-02     3.982949635088512e+00
     4.841556284128644e-02     4.026767708039151e+00
     4.876273856914857e-02     4.070174194943672e+00
     4.911240380614664e-02     4.113131855390690e+00
     4.946457640391964e-02     4.155603040649402e+00
     4.981927434211601e-02     4.197549760759739e+00
     5.017651572931180e-02     4.238933755452771e+00
     5.053631880393503e-02     4.279716568756932e+00
     5.089870193519683e-02     4.319859627115123e+00
     5.126368362402933e-02     4.359324320807168e+00
     5.163128250403013e-02     4.398072088440935e+00
     5.200151734241364e-02     4.436064504244865e+00
     5.237440704096925e-02     4.473263367864329e+00
     5.274997063702620e-02     4.509630796334760e+00
     5.312822730442568e-02     4.545129317876377e+00
     5.350919635449954e-02     4.579721967128420e+00
     5.389289723705641e-02     4.613372381416163e+00
     5.427934954137454e-02     4.646044897621283e+00
     5.466857299720181e-02     4.677704649206117e+00
     5.506058747576328e-02     4.708317662925465e+00
     5.545541299077542e-02     4.737850954745411e+00
     5.585306969946802e-02     4.766272624478622e+00
     5.625357790361331e-02     4.793551948638763e+00
     5.665695805056226e-02     4.819659471014136e+00
     5.706323073428875e-02     4.844567090462274e+00
     5.747241669644070e-02     4.868248145432818e+00
     5.788453682739921e-02     4.890677494736358e+00
     5.829961216734501e-02     4.911831594091330e+00
     5.871766390733255e-02     4.931688567999848e+00
     5.913871339037209e-02     4.950228276526557e+00
     5.956278211251907e-02     4.967432376581524e+00
     5.998989172397176e-02     4.983284377339428e+00
     6.042006403017657e-02     4.997769689461658e+00
     6.085332099294111e-02     5.010875667826014e+00
     6.128968473155567e-02     5.022591647509479e+00
     6.172917752392225e-02     5.032908972812765e+00
     6.217182180769213e-02     5.041821019160829e+00
     6.261764018141128e-02     5.049323207760594e+00
     6.306665540567406e-02     5.055413012945028e+00
     6.351889040428536e-02     5.060089962181650e+00
     6.397436826543078e-02     5.063355628772166e+00
     6.443311224285553e-02     5.065213617318133e+00
     6.489514575705149e-02     5.065669542075237e+00
     6.536049239645293e-02     5.064730998364169e+00
     6.582917591864083e-02     5.062407527250550e+00
     6.630122025155578e-02     5.058710573747478e+00
     6.677664949471951e-02     5.053653438833501e+00
     6.725548792046542e-02     5.047251225614199e+00
     6.773775997517749e-02     5.039520779987989e+00
     6.822349028053869e-02     5.030480626205420e+00
     6.871270363478770e-02     5.020150897735528e+00
     6.920542501398515e-02     5.008553263873909e+00
     6.970167957328875e-02     4.995710852543278e+00
     7.020149264823729e-02     4.981648169749691e+00
     7.070488975604444e-02     4.966391016165703e+00
     7.121189659690125e-02     4.949966401315741e+00
     7.172253905528836e-02     4.932402455838896e+00
     7.223684320129749e-02     4.913728342300565e+00
     7.275483529196229e-02     4.893974165016928e+00
     7.327654177259908e-02     4.873170879345247e+00
     7.380198927815664e-02     4.851350200879056e+00
     7.433120463457642e-02     4.828544514970383e+00
     7.486421486016179e-02     4.804786786981726e+00
     7.540104716695753e-02     4.780110473648856e+00
     7.594172896213913e-02     4.754549435912003e+00
     7.648628784941194e-02     4.728137853547740e+00
     7.703475163042051e-02     4.700910141907698e+00
     7.758714830616798e-02     4.672900871042831e+00
     7.814350607844546e-02     4.644144687464102e+00
     7.870385335127213e-02     4.614676238762334e+00
     7.926821873234499e-02     4.584530101281690e+00
     7.983663103449976e-02     4.553740711013315e+00
     8.040911927718160e-02     4.522342297848161e+00
     8.098571268792683e-02     4.490368823301254e+00
     8.156644070385494e-02     4.457853921793721e+00
     8.215133297317157e-02     4.424830845554068e+00
     8.274041935668215e-02     4.391332413176503e+00
     8.333372992931641e-02     4.357390961851921e+00
     8.393129498166364e-02     4.323038303266035e+00
     8.453314502151946e-02     4.288305683139920e+00
     8.513931077544296e-02     4.253223744370298e+00
     8.574982319032572e-02     4.217822493710481e+00
     8.636471343497168e-02     4.182131271918392e+00
     8.698401290168818e-02     4.146178727284737e+00
     8.760775320788906e-02     4.109992792442905e+00
     8.823596619770843e-02     4.073600664352125e+00
     8.886868394362675e-02     4.037028787336807e+00
     8.950593874810808e-02     4.000302839057817e+00
     9.014776314524918e-02     3.963447719285643e+00
     9.079418990244068e-02     3.926487541340874e+00
     9.144525202203975e-02     3.889445626064110e+00
     9.210098274305520e-02     3.852344498175163e+00
     9.276141554284431e-02     3.815205884880355e+00
     9.342658413882196e-02     3.778050716586396e+00
     9.409652249018218e-02     3.740899129580050e+00
     9.477126479963155e-02     3.703770470534259e+00
     9.545084551513584e-02     3.666683302703477e+00
     9.613529933167836e-02     3.629655413673802e+00
     9.682466119303124e-02     3.592703824536750e+00
     9.751896629353973e-02     3.555844800359272e+00
     9.821825007991861e-02     3.519093861826885e+00
     9.892254825306217e-02     3.482465797941120e+00
     9.963189676986692e-02     3.445974679657401e+00
     1.003463318450668e-01     3.409633874354358e+00
     1.010658899530828e-01     3.373456061030645e+00
     1.017906078298845e-01     3.337453246130719e+00
     1.025205224748657e-01     3.301636779906126e+00
     1.032556711527339e-01     3.266017373224230e+00
     1.039960913954120e-01     3.230605114741706e+00
     1.047418210039550e-01     3.195409488365034e+00
     1.054928980504793e-01     3.160439390925776e+00
     1.062493608801075e-01     3.125703150003160e+00
     1.070112481129247e-01     3.091208541831562e+00
     1.077785986459511e-01     3.056962809235227e+00
     1.085514516551278e-01     3.022972679537164e+00
     1.093298465973160e-01     2.989244382393675e+00
     1.101138232123128e-01     2.955783667510179e+00
     1.109034215248789e-01     2.922595822198117e+00
     1.116986818467823e-01     2.889685688736647e+00
     1.124996447788568e-01     2.857057681506443e+00
     1.133063512130744e-01     2.824715803866653e+00
     1.141188423346328e-01     2.792663664749073e+00
     1.149371596240586e-01     2.760904494946973e+00
     1.157613448593247e-01     2.729441163078836e+00
     1.165914401179831e-01     2.698276191210070e+00
     1.174274877793137e-01     2.667411770118184e+00
     1.182695305264866e-01     2.636849774189573e+00
     1.191176113487430e-01     2.606591775937876e+00
     1.199717735435884e-01     2.576639060136420e+00
     1.208320607190044e-01     2.546992637558625e+00
     1.216985167956738e-01     2.517653258322427e+00
     1.225711860092237e-01     2.488621424836072e+00
     1.234501129124834e-01     2.459897404344247e+00
     1.243353423777599e-01     2.431481241074743e+00
     1.252269195991275e-01     2.403372767987152e+00
     1.261248900947362e-01     2.375571618126009e+00
     1.270292997091345e-01     2.348077235582003e+00
     1.279401946156113e-01     2.320888886065422e+00
     1.288576213185518e-01     2.294005667097154e+00
     1.297816266558129e-01     2.267426517822874e+00
     1.307122578011136e-01     2.241150228456936e+00
     1.316495622664436e-01     2.215175449362766e+00
     1.325935879044891e-01     2.189500699777212e+00
     1.335443829110760e-01     2.164124376186482e+00
     1.345019958276300e-01     2.139044760361821e+00
     1.354664755436552e-01     2.114260027063089e+00
     1.364378712992299e-01     2.089768251418896e+00
     1.374162326875203e-01     2.065567415991803e+00
     1.384016096573132e-01     2.041655417537481e+00
     1.393940525155646e-01     2.018030073466621e+00
     1.403936119299702e-01     1.994689128018458e+00
     1.414003389315493e-01     1.971630258154884e+00
     1.424142849172531e-01     1.948851079183882e+00
     1.434355016525864e-01     1.926349150121239e+00
     1.444640412742521e-01     1.904121978799176e+00
     1.454999562928114e-01     1.882167026730603e+00
     1.465432995953659e-01     1.860481713737487e+00
     1.475941244482570e-01     1.839063422351788e+00
     1.486524844997857e-01     1.817909501997190e+00
     1.497184337829511e-01     1.797017272959769e+00
     1.507920267182099e-01     1.776384030155505e+00
     1.518733181162529e-01     1.756007046702481e+00
     1.529623631808056e-01     1.735883577305252e+00
     1.540592175114448e-01     1.716010861458931e+00
     1.551639371064383e-01     1.696386126480082e+00
     1.562765783656026e-01     1.677006590371542e+00
     1.573971980931836e-01     1.657869464527929e+00
     1.585258535007554e-01     1.638971956288523e+00
     1.596626022101427e-01     1.620311271343900e+00
     1.608075022563607e-01     1.601884616002627e+00
     1.619606120905800e-01     1.583689199323952e+00
     1.631219905831086e-01     1.565722235122458e+00
     1.642916970263993e-01     1.547980943850199e+00
     1.654697911380763e-01     1.530462554361876e+00
     1.666563330639828e-01     1.513164305568275e+00
     1.678513833812537e-01     1.496083447983026e+00
     1.690550031014059e-01     1.479217245167665e+00
     1.702672536734558e-01     1.462562975079584e+00
     1.714881969870539e-01     1.446117931327561e+00
     1.727178953756468e-01     1.429879424339122e+00
     1.739564116196574e-01     1.413844782444017e+00
     1.752038089496920e-01     1.398011352877801e+00
     1.764601510497666e-01     1.382376502709443e+00
     1.777255020605602e-01     1.366937619696647e+00
     1.789999265826875e-01     1.351692113072522e+00
     1.802834896799985e-01     1.336637414266961e+00
     1.815762568828988e-01     1.321770977566107e+00
     1.828782941916965e-01     1.307090280712948e+00
     1.841896680799711e-01     1.292592825452204e+00
     1.855104454979673e-01     1.278276138022255e+00
     1.868406938760129e-01     1.264137769597003e+00
     1.881804811279614e-01     1.250175296680236e+00
     1.895298756546595e-01     1.236386321455075e+00
     1.908889463474391e-01     1.222768472090902e+00
     1.922577625916341e-01     1.209319403010120e+00
     1.936363942701238e-01     1.196036795116909e+00
     1.950249117668984e-01     1.182918355990166e+00
     1.964233859706555e-01     1.169961820042549e+00
     1.978318882784164e-01     1.157164948647671e+00
     1.992504905991733e-01     1.144525530237162e+00
     2.006792653575587e-01     1.132041380369471e+00
     2.021182854975441e-01     1.119710341771975e+00
     2.035676244861640e-01     1.107530284358063e+00
     2.050273563172659e-01     1.095499105220686e+00
     2.064975555152889e-01     1.083614728603819e+00
     2.079782971390677e-01     1.071875105853221e+00
     2.094696567856648e-01     1.060278215347805e+00
     2.109717105942301e-01     1.048822062412857e+00
     2.124845352498883e-01     1.037504679216303e+00
     2.140082079876533e-01     1.026324124649163e+00
     2.155428065963724e-01     1.015278484191223e+00
     2.170884094226958e-01     1.004365869763019e+00
     2.186450953750790e-01     9.935844195650166e-01
     2.202129439278090e-01     9.829322979049913e-01
     2.217920351250635e-01     9.724076950144117e-01
     2.233824495849963e-01     9.620088268547182e-01
     2.249842685038536e-01     9.517339349142355e-01
     2.265975736601190e-01     9.415812859964984e-01
     2.282224474186899e-01     9.315491720006752e-01
     2.298589727350801e-01     9.216359096947927e-01
     2.315072331596580e-01     9.118398404823538e-01
     2.331673128419084e-01     9.021593301630029e-01
     2.348392965347328e-01     8.925927686877495e-01
     2.365232695987729e-01     8.831385699093527e-01
     2.382193180067707e-01     8.737951713283166e-01
     2.399275283479566e-01     8.645610338350358e-01
     2.416479878324704e-01     8.554346414484940e-01
     2.433807842958134e-01     8.464145010519858e-01
     2.451260062033340e-01     8.374991421262413e-01
     2.468837426547420e-01     8.286871164803662e-01
     2.486540833886598e-01     8.199769979809143e-01
     2.504371187872018e-01     8.113673822794861e-01
     2.522329398805897e-01     8.028568865391311e-01
     2.540416383518006e-01     7.944441491598699e-01
     2.558633065412458e-01     7.861278295036362e-01
     2.576980374514880e-01     7.779066076188743e-01
     2.595459247519855e-01     7.697791839650782e-01
     2.614070627838784e-01     7.617442791374599e-01
     2.632815465648020e-01     7.538006335920303e-01
     2.651694717937401e-01     7.459470073712315e-01
     2.670709348559087e-01     7.381821798303728e-01
     2.689860328276780e-01     7.305049493650065e-01
     2.709148634815282e-01     7.229141331394381e-01
     2.728575252910416e-01     7.154085668165149e-01
     2.748141174359291e-01     7.079871042888531e-01
     2.767847398070948e-01     7.006486174116171e-01
     2.787694930117338e-01     6.933919957370078e-01
     2.807684783784715e-01     6.862161462505391e-01
     2.827817979625341e-01     6.791199931092538e-01
     2.848095545509608e-01     6.721024773819390e-01
     2.868518516678498e-01     6.651625567914679e-01
     2.889087935796447e-01     6.582992054593219e-01
     2.909804853004572e-01     6.515114136523967e-01
     2.930670325974291e-01     6.447981875321435e-01
     2.951685419961307e-01     6.381585489061266e-01
     2.972851207860016e-01     6.315915349820420e-01
     2.994168770258243e-01     6.250961981242692e-01
     3.015639195492462e-01     6.186716056129668e-01
     3.037263579703312e-01     6.123168394058127e-01
     3.059043026891588e-01     6.060309959023652e-01
     3.080978648974601e-01     5.998131857111212e-01
     3.103071565842916e-01     5.936625334192937e-01
     3.125322905417577e-01     5.875781773653038e-01
     3.147733803707643e-01     5.815592694140574e-01
     3.170305404868222e-01     5.756049747349804e-01
     3.193038861258855e-01     5.697144715828606e-01
     3.215935333502368e-01     5.638869510814797e-01
     3.238995990544115e-01     5.581216170100650e-01
     3.262222009711670e-01     5.524176855925526e-01
     3.285614576774911e-01     5.467743852896809e-01
     3.309174886006588e-01     5.411909565938897e-01
     3.332904140243255e-01     5.356666518270566e-01
     3.356803550946727e-01     5.302007349410267e-01
     3.380874338265885e-01     5.247924813209729e-01
     3.405117731099003e-01     5.194411775915416e-01
     3.429534967156465e-01     5.141461214257981e-01
     3.454127293023961e-01     5.089066213569489e-01
     3.478895964226132e-01     5.037219965928316e-01
     3.503842245290676e-01     4.985915768331554e-01
     3.528967409812885e-01     4.935147020894838e-01
     3.554272740520699e-01     4.884907225079300e-01
     3.579759529340147e-01     4.835189981945652e-01
     3.605429077461361e-01     4.785988990434922e-01
     3.631282695404957e-01     4.737298045676021e-01
     3.657321703088975e-01     4.689111037319528e-01
     3.683547429896247e-01     4.641421947897835e-01
     3.709961214742271e-01     4.594224851211126e-01
     3.736564406143567e-01     4.547513910739170e-01
     3.763358362286533e-01     4.501283378078546e-01
     3.790344451096776e-01     4.455527591405152e-01
     3.817524050308944e-01     4.410240973961696e-01
     3.844898547537075e-01     4.365418032569893e-01
     3.872469340345430e-01     4.321053356167160e-01
     3.900237836319863e-01     4.277141614367478e-01
     3.928205453139654e-01     4.233677556046243e-01
     3.956373618649917e-01     4.190656007948708e-01
     3.984743770934459e-01     4.148071873321922e-01
     4.013317358389246e-01     4.105920130569615e-01
     4.042095839796306e-01     4.064195831930080e-01
     4.071080684398238e-01     4.022894102176486e-01
     4.100273371973195e-01     3.982010137339543e-01
     4.129675392910451e-01     3.941539203452073e-01
     4.159288248286474e-01     3.901476635315353e-01
     4.189113449941589e-01     3.861817835286805e-01
     4.219152520557124e-01     3.822558272088903e-01
     4.249406993733193e-01     3.783693479638820e-01
     4.279878414066935e-01     3.745219055898766e-01
     4.310568337231435e-01     3.707130661746468e-01
     4.341478330055092e-01     3.669424019865769e-01
     4.372609970601657e-01     3.632094913656841e-01
     4.403964848250757e-01     3.595139186165913e-01
     4.435544563779063e-01     3.558552739034099e-01
     4.467350729442008e-01     3.522331531465116e-01
     4.499384969056111e-01     3.486471579211574e-01
     4.531648918081850e-01     3.450968953579652e-01
     4.564144223707199e-01     3.415819780451722e-01
     4.596872544931668e-01     3.381020239326854e-01
     4.629835552651057e-01     3.346566562378706e-01
     4.663034929742732e-01     3.312455033530746e-01
     4.696472371151534e-01     3.278681987548390e-01
     4.730149583976347e-01     3.245243809147839e-01
     4.764068287557196e-01     3.212136932121402e-01
     4.798230213563085e-01     3.179357838478908e-01
     4.832637106080361e-01     3.146903057605146e-01
     4.867290721701789e-01     3.114769165432876e-01
     4.902192829616197e-01     3.082952783631323e-01
     4.937345211698828e-01     3.051450578809783e-01
     4.972749662602291e-01     3.020259261736180e-01
     5.008407989848213e-01     2.989375586570238e-01
     5.044322013919478e-01     2.958796350111163e-01
     5.080493568353216e-01     2.928518391059405e-01
     5.116924499834354e-01     2.898538589292478e-01
     5.153616668289963e-01     2.868853865154381e-01
     5.190571946984149e-01     2.839461178758598e-01
     5.227792222613751e-01     2.810357529304272e-01
     5.265279395404607e-01     2.781539954405458e-01
     5.303035379208605e-01     2.753005529433147e-01
     5.341062101601370e-01     2.724751366869873e-01
     5.379361503980703e-01     2.696774615676674e-01
     5.417935541665651e-01     2.669072460672229e-01
     5.456786183996387e-01     2.641642121923872e-01
     5.495915414434688e-01     2.614480854150399e-01
     5.535325230665265e-01     2.587585946136307e-01
     5.575017644697696e-01     2.560954720157412e-01
     5.614994682969186e-01     2.534584531417531e-01
     5.655258386448012e-01     2.508472767496095e-01
     5.695810810737686e-01     2.482616847806481e-01
     5.736654026181969e-01     2.457014223064815e-01
     5.777790117970501e-01     2.431662374769168e-01
     5.819221186245318e-01     2.406558814688831e-01
     5.860949346208019e-01     2.381701084363600e-01
     5.902976728227787e-01     2.357086754612780e-01
     5.945305477950135e-01     2.332713425053816e-01
     5.987937756406472e-01     2.308578723630312e-01
     6.030875740124395e-01     2.284680306149312e-01
     6.074121621238857e-01     2.261015855827619e-01
     6.117677607604012e-01     2.237583082847057e-01
     6.161545922906020e-01     2.214379723918385e-01
     6.205728806776500e-01     2.191403541853862e-01
     6.250228514906928e-01     2.168652325148144e-01
     6.295047319163749e-01     2.146123887567476e-01
     6.340187507704396e-01     2.123816067746935e-01
     6.385651385094091e-01     2.101726728795620e-01
     6.431441272423528e-01     2.079853757909607e-01
     6.477559507427332e-01     2.058195065992570e-01
     6.524008444603457e-01     2.036748587283817e-01
     6.570790455333322e-01     2.015512278993757e-01
     6.617907928002969e-01     1.994484120946454e-01
     6.665363268124913e-01     1.973662115229333e-01
     6.713158898461022e-01     1.953044285849731e-01
     6.761297259146150e-01     1.932628678398274e-01
     6.809780807812750e-01     1.912413359718875e-01
     6.858612019716321e-01     1.892396417585266e-01
     6.907793387861815e-01     1.872575960383896e-01
     6.957327423130884e-01     1.852950116803102e-01
     7.007216654410063e-01     1.833517035528430e-01
     7.057463628719901e-01     1.814274884943942e-01
     7.108070911344975e-01     1.795221852839425e-01
     7.159041085964888e-01     1.776356146123377e-01
     7.210376754786132e-01     1.757675990541656e-01
     7.262080538674991e-01     1.739179630401654e-01
     7.314155077291271e-01     1.720865328301933e-01
     7.366603029223160e-01     1.702731364867135e-01
     7.419427072122866e-01     1.684776038488162e-01
     7.472629902843397e-01     1.666997665067398e-01
     7.526214237576189e-01     1.649394577768999e-01
     7.580182811989799e-01     1.631965126774023e-01
     7.634538381369569e-01     1.614707679040397e-01
     7.689283720758314e-01     1.597620618067551e-01
     7.744421625097946e-01     1.580702343665690e-01
     7.799954909372237e-01     1.563951271729528e-01
     7.855886408750438e-01     1.547365834016489e-01
     7.912218978732137e-01     1.530944477929155e-01
     7.968955495292944e-01     1.514685666302023e-01
     8.026098855031396e-01     1.498587877192329e-01
     8.083651975316776e-01     1.482649603674989e-01
     8.141617794438092e-01     1.466869353641467e-01
     8.199999271754069e-01     1.451245649602541e-01
     8.258799387844273e-01     1.435777028494864e-01
     8.318021144661207e-01     1.420462041491271e-01
     8.377667565683667e-01     1.405299253814686e-01
     8.437741696070985e-01     1.390287244555650e-01
     8.498246602818605e-01     1.375424606493272e-01
     8.559185374914619e-01     1.360709945919646e-01
     8.620561123497437e-01     1.346141882467597e-01
     8.682376982014699e-01     1.331719048941663e-01
     8.744636106383145e-01     1.317440091152343e-01
     8.807341675149849e-01     1.303303667753386e-01
     8.870496889654403e-01     1.289308450082227e-01
     8.934104974192426e-01     1.275453122003355e-01
     8.998169176180116e-01     1.261736379754652e-01
     9.062692766320082e-01     1.248156931796571e-01
     9.127679038768297e-01     1.234713498664139e-01
     9.193131311302326e-01     1.221404812821681e-01
     9.259052925490633e-01     1.208229618520253e-01
     9.325447246863273e-01     1.195186671657667e-01
     9.392317665083596e-01     1.182274739641118e-01
     9.459667594121436e-01     1.169492601252282e-01
     9.527500472427291e-01     1.156839046514903e-01
     9.595819763107952e-01     1.144312876564756e-01
     9.664628954103247e-01     1.131912903521971e-01
     9.733931558364143e-01     1.119637950365640e-01
     9.803731114032077e-01     1.107486850810684e-01
     9.874031184619632e-01     1.095458449186893e-01
     9.944835359192398e-01     1.083551600320135e-01
     1.001614725255229e+00     1.071765169415636e-01
     1.008797050542199e+00     1.060098031943346e-01
     1.016030878463095e+00     1.048549073525263e-01
     1.023316578330245e+00     1.037117189824765e-01
     1.030654522104229e+00     1.025801286437823e-01
     1.038045084412860e+00     1.014600278786097e-01
     1.045488642570308e+00     1.003513092011888e-01
     1.052985576596373e+00     9.925386608748267e-02
     1.060536269235876e+00     9.816759296503641e-02
     1.068141105978209e+00     9.709238520299421e-02
     1.075800475077007e+00     9.602813910228465e-02
     1.083514767569973e+00     9.497475188596934e-02
     1.091284377298844e+00     9.393212168975065e-02
     1.099109700929497e+00     9.290014755263608e-02
     1.106991137972197e+00     9.187872940775539e-02
     1.114929090802000e+00     9.086776807332569e-02
     1.122923964679283e+00     8.986716524376456e-02
     1.130976167770454e+00     8.887682348094204e-02
     1.139086111168768e+00     8.789664620557566e-02
     1.147254208915334e+00     8.692653768875860e-02
     1.155480878020241e+00     8.596640304362255e-02
     1.163766538483851e+00     8.501614821712958e-02
     1.172111613318241e+00     8.407567998199150e-02
     1.180516528568806e+00     8.314490592871261e-02
     1.188981713335998e+00     8.222373445775529e-02
     1.197507599797246e+00     8.131207477182186e-02
     1.206094623229006e+00     8.040983686825499e-02
     1.214743222028999e+00     7.951693153154843e-02
     1.223453837738578e+00     7.863327032597116e-02
     1.232226915065285e+00     7.775876558829742e-02
     1.241062901905538e+00     7.689333042064427e-02
     1.249962249367514e+00     7.603687868341136e-02
     1.258925411794167e+00     7.518932498832197e-02